-0.9999280026
-0.9997121647
-0.999352733
-0.9988499744
-0.9982041759
-0.9974156442
-0.9964847058
-0.9954117068
-0.9941970125
-0.9928410075
-0.9913440955
-0.9897066987
-0.9879292585
-0.9860122343
-0.983956104
-0.9817613639
-0.9794285278
-0.9769581276
-0.9743507126
-0.9716068496
-0.9687271228
-0.965712133
-0.9625624984
-0.9592788533
-0.955861849
-0.9523121528
-0.9486304481
-0.9448174343
-0.9408738267
-0.9368003558
-0.9325977676
-0.9282668235
-0.9238082995
-0.9192229865
-0.9145116903
-0.9096752306
-0.9047144418
-0.899630172
-0.8944232834
-0.8890946516
-0.8836451659
-0.8780757289
-0.8723872559
-0.8665806757
-0.8606569295
-0.854616971
-0.8484617665
-0.8421922941
-0.8358095444
-0.8293145195
-0.822708233
-0.8159917104
-0.8091659881
-0.8022321137
-0.7951911458
-0.7880441538
-0.7807922173
-0.7734364268
-0.7659778827
-0.7584176955
-0.7507569857
-0.7429968834
-0.7351385282
-0.7271830692
-0.7191316647
-0.710985482
-0.7027456972
-0.6944134952
-0.6859900694
-0.6774766218
-0.6688743623
-0.660184509
-0.6521054716
-0.6432616956
-0.6343339073
-0.6253233536
-0.6162312886
-0.6070589738
-0.5986136637
-0.5893032089
-0.5799161948
-0.5704539078
-0.5609176411
-0.5513086938
-0.5416283714
-0.5318779855
-0.5220588533
-0.5121722982
-0.5022196488
-0.4922022393
-0.4821214096
-0.4719785042
-0.4617748732
-0.4515118713
-0.4411908582
-0.4308131984
-0.4203802605
-0.4098934181
-0.3993540486
-0.3899905845
-0.3793715051
-0.3699736883
-0.3605716133
-0.3498536889
-0.3404256647
-0.3296412326
-0.3188146173
-0.3079472204
-0.2970404471
-0.2860957053
-0.2751144063
-0.2640979639
-0.2530477948
-0.2419653185
-0.2308519566
-0.2212875528
-0.2101390878
-0.1989637797
-0.1877630569
-0.1765383497
-0.1652910905
-0.1540227131
-0.1444717928
-0.1331881744
-0.121887492
-0.1105711833
-0.09924068702
-0.08974901119
-0.07841727036
-0.067075393
-0.05572481943
-0.04436699072
-0.03300334856
-0.02163533521
-0.01026439331
0.001108034127
0.01248050392
0.02385157277
0.03521979739
0.04658373458
0.05364119596
0.06494665141
0.07624411093
0.08531303416
0.09656747728
0.1078099342
0.1190389724
0.1302531606
0.1391180068
0.1502756718
0.1614145311
0.1725331602
0.1836301358
0.1947040364
0.2057534416
0.2167769332
0.2277730944
0.2387405106
0.2445628699
0.2528451111
0.2636527663
0.2744271315
0.2851668103
0.2958704089
0.3038476743
0.3144534749
0.3250194086
0.335544095
0.346026157
0.3564642204
0.3668569147
0.3772028724
0.3875007299
0.3977491271
0.4079467079
0.4180921199
0.4252424215
0.4352592603
0.4422381617
0.4521221442
0.461948093
0.4717146867
0.4783588894
0.4849021393
0.4882431444
0.4976835412
0.507059779
0.5163705754
0.5256146535
0.5347907417
0.5438975744
0.5497014154
0.5488958588
0.5544473627
0.5631774111
0.571834242
0.5770947908
0.5855843162
0.5939974508
0.6023329979
0.6105897676
0.6187665772
0.6268622509
0.6348756206
0.6428055255
0.6471791987
0.6549231669
0.6625807196
0.6666326074
0.6740989967
0.6814761053
0.6887628334
0.692380784
0.699469354
0.702859151
0.7061272033
0.7129065233
0.7195905694
0.7261783112
0.732668728
0.739060809
0.7416555799
0.7404153214
0.7427486466
0.748691898
0.7545340022
0.7565169148
0.7621429359
0.7638864452
0.7617147696
0.7669973865
0.772175504
0.7772482535
0.7783849482
0.7832351462
0.7879779821
0.7926126368
0.7971383036
0.7976798887
0.8019772298
0.8061637875
0.8102388078
0.8142015502
0.8180512877
0.8139490598
0.8175578599
0.8210526684
0.8244328159
0.8276976469
0.8268973675
0.8299246101
0.8288759574
0.8277009353
0.8264000798
0.8210015862
0.8234232508
0.8257282886
0.8279161829
0.8299864332
0.8279499438
0.8272237557
0.8289145854
0.8264918847
0.8279437785
0.8292768722
0.8224932269
0.8235864833
0.8245609873
0.8254164054
0.8261524214
0.8267687362
0.8232664408
0.8236437051
0.8199047862
0.8200437481
0.8160701842
0.8159717356
0.8117656509
0.8074455355
0.8069946358
0.7984671657
0.7977860851
0.7969871432
0.7960702729
0.7950354257
0.7938825715
0.7926116993
0.791222817
0.7897159515
0.7880911488
0.7863484742
0.7766423306
0.7707620999
0.7608709079
0.7508938806
0.7486211356
0.7455204091
0.7430039597
0.7326367583
0.7299133529
0.7232278188
0.7202923454
0.7172470709
0.714092302
0.7108283643
0.7074556031
0.7039743828
0.6966052742
0.6891512248
0.6853707109
0.6777393774
0.6737601737
0.6659561015
0.6617817498
0.6575047487
0.6531256285
0.6468849687
0.6422805612
0.6375760007
0.6327718963
0.6242564886
0.6120746017
0.6070212051
0.6018724894
0.59662915
0.5912919009
0.5858614741
0.5768341073
0.5677479618
0.562076354
0.5563157142
0.5504668593
0.5445306235
0.5385078587
0.5323994343
0.5262062367
0.5199291696
0.5135691538
0.5071271269
0.5006040432
0.4940008737
0.4840635167
0.4773226938
0.4640730757
0.4572199596
0.450293288
0.4432941175
0.4299518478
0.4228522503
0.4125897392
0.4053756572
0.3950432811
0.3877204607
0.3803347566
0.3698987941
0.3624126532
0.3519226106
0.344341953
0.3330586541
0.3253539622
0.3175961196
0.3097863641
0.3019259452
0.2940161232
0.2832932234
0.2753116589
0.267284944
0.2592143765
0.2511012641
0.2402986143
0.2321281732
0.2239195545
0.2156740975
0.20739315
0.1990780674
0.1875161019
0.1766378959
0.1682352695
0.1598048152
0.1489402585
0.1404829557
0.1320023569
0.1234998629
0.1126675452
0.1037119284
0.09290297628
0.08436299275
0.07580892046
0.06724217779
0.05866418605
0.05007636916
0.04148015332
0.03287696671
0.02216378696
0.01352812512
0.004890089288
-0.003748885422
-0.0123873636
-0.0210239099
-0.02965708936
-0.03828546773
-0.0469076118
-0.05735780031
-0.06593813393
-0.07450768625
-0.08306503602
-0.09160876473
-0.1001374569
-0.1103365285
-0.1204682805
-0.1318352143
-0.1402596311
-0.1502496671
-0.1601664262
-0.1700084543
-0.1782588156
-0.1864801323
-0.1946710571
-0.2066624365
-0.2147784941
-0.2228595954
-0.2333951708
-0.242772594
-0.2507390788
-0.258664853
-0.2665486344
-0.2743891501
-0.2821851362
-0.2899353388
-0.2976385137
-0.3052934266
-0.3128988539
-0.3204535825
-0.3279564101
-0.3354061455
-0.342801609
-0.3501416324
-0.3574250593
-0.3646507452
-0.3718175582
-0.3789243785
-0.3859700992
-0.3929536263
-0.3998738788
-0.4075907786
-0.4143608313
-0.4258531545
-0.4324729593
-0.4390235285
-0.4462651489
-0.4526547769
-0.4589721487
-0.4652163198
-0.4713863604
-0.4774813559
-0.4835004067
-0.4894426289
-0.4953071538
-0.5010931284
-0.5067997155
-0.5124260937
-0.5179714576
-0.5234350177
-0.5299171926
-0.5357283659
-0.5409460853
-0.5460787786
-0.5511257387
-0.556086275
-0.5609597136
-0.5657453975
-0.5704426863
-0.5750509567
-0.5795696021
-0.583998033
-0.5883356768
-0.592581978
-0.5967363983
-0.6007984162
-0.6047675275
-0.6086432451
-0.612425099
-0.6161126365
-0.6197054218
-0.6232030364
-0.626605079
-0.6299111652
-0.633120928
-0.6362340172
-0.6432411158
-0.6461618541
-0.6489843991
-0.6517084687
-0.6543337977
-0.656860138
-0.6592872582
-0.6616149441
-0.6638429979
-0.665971239
-0.667999503
-0.6699276426
-0.6717555267
-0.6734830409
-0.675110087
-0.6766365834
-0.6780624645
-0.6793876809
-0.6806121994
-0.6817360026
-0.6827590891
-0.6836814732
-0.684503185
-0.6887287828
-0.6893327903
-0.6898357883
-0.6939233255
-0.6942369791
-0.6974808951
-0.6975707669
-0.6975592846
-0.6974466202
-0.6972329605
-0.696918507
-0.6965034757
-0.6959880967
-0.6953726149
-0.6986560662
-0.6978417193
-0.6969275125
-0.6959137462
-0.6948007343
-0.6935888042
-0.6922782969
-0.6908695664
-0.6893629798
-0.6877589173
-0.6860577719
-0.684259949
-0.6823658667
-0.6803759556
-0.6782906583
-0.6761104295
-0.673835736
-0.671467056
-0.6690048796
-0.6703725493
-0.6677179297
-0.6649707784
-0.6661029192
-0.6631679534
-0.6601415196
-0.6570241871
-0.6538165359
-0.6505191563
-0.6471326488
-0.6436576242
-0.642953756
-0.6393242326
-0.6356076832
-0.6318047552
-0.6279161056
-0.6239424008
-0.6198843161
-0.615742536
-0.6115177537
-0.6107287933
-0.6063550802
-0.6019000051
-0.5973642934
-0.5967480521
-0.5923563434
-0.5875940998
-0.5827535637
-0.5778354988
-0.5731962045
-0.568138708
-0.5630059492
-0.5577987198
-0.5525178184
-0.5471640505
-0.5417382284
-0.536241171
-0.5306737038
-0.5250366585
-0.5193308734
-0.5135571926
-0.5077164662
-0.5018095505
-0.4958373071
-0.4898006036
-0.4837003129
-0.4775373132
-0.4713124883
-0.4650267267
-0.4586809223
-0.4522759737
-0.4458127842
-0.439292262
-0.4327153198
-0.4303066266
-0.4236532422
-0.4169455899
-0.4101845958
-0.4033711899
-0.3973511693
-0.3904546066
-0.3835083054
-0.3765132089
-0.369470264
-0.3639689572
-0.3568086102
-0.349603059
-0.3423532686
-0.3360811925
-0.3298071419
-0.3224705939
-0.3161754204
-0.3087789334
-0.3013435433
-0.2977393304
-0.2902201183
-0.2826643775
-0.2762804074
-0.2686756757
-0.2610371948
-0.2533659566
-0.2469558357
-0.2392435479
-0.2315012909
-0.2237300625
-0.2159308624
-0.2081046922
-0.2002525548
-0.1923754554
-0.1844744001
-0.1765503971
-0.1686044556
-0.1606375863
-0.1542083284
-0.1462249838
-0.1382235163
-0.130204939
-0.12381805
-0.1157908347
-0.1077493081
-0.1014104406
-0.09336599024
-0.08531001854
-0.07724353925
-0.06916756668
-0.0629133732
-0.05484425145
-0.04676841316
-0.03868687191
-0.03252274422
-0.02445568798
-0.01638569012
-0.008313762468
-0.0002409169075
0.007831834705
0.01384337257
0.02189005391
0.02993390477
0.03584486918
0.04170522818
0.04968924923
0.05766702656
0.06563755798
0.07359984184
0.08155287705
0.08949566318
0.09742720052
0.1053464901
0.113252534
0.1211443349
0.1266183464
0.1308013751
0.1386364983
0.146454286
0.1517614168
0.1595194086
0.1672574471
0.1724155296
0.1749265438
0.1825334861
0.1901176358
0.1950310951
0.2025451106
0.2100337945
0.2174961817
0.224931309
0.2323382149
0.2397159398
0.2470635262
0.2543800186
0.2616644635
0.2689159097
0.2761334086
0.2833160136
0.2816950209
0.2887440851
0.292793289
0.293781227
0.2946512001
0.3014508509
0.3082124059
0.3149349577
0.3216176016
0.3282594359
0.3317382349
0.3382767816
0.3447722671
0.3512238041
0.3576305088
0.3639915005
0.3689578801
0.3752484977
0.381490961
0.38439654
0.3905225358
0.3965982371
0.4026227877
0.4076943913
0.4135948045
0.4194416724
0.4252341582
0.4309714299
0.4366526602
0.4387289011
0.4442810355
0.4497751711
0.4552105023
0.4605862283
0.465901554
0.4711556896
0.4763478509
0.4814772593
0.4865431421
0.4879380985
0.4928609456
0.4977184893
0.4988624983
0.4999135049
0.5045453497
0.5054236194
0.5062090822
0.5069020016
0.5075026555
0.5117463178
0.5159213218
0.5200269904
0.5215335976
0.5255228607
0.5294411706
0.5332878754
0.5370623308
0.5407639004
0.5443919556
0.5479458758
0.5514250488
0.5509709736
0.5504238514
0.5536590378
0.556818204
0.5599007827
0.5629062152
0.5607208946
0.5635423786
0.566285838
0.5689507543
0.5715366185
0.5701045639
0.5725252621
0.574865999
0.5771263055
0.5753461222
0.5734754991
0.5754836841
0.5654928781
0.5633511274
0.5611223019
0.5627903083
0.5603923569
0.5618977961
0.559332062
0.5526886432
0.5539483177
0.5551286956
0.5562294609
0.5572503085
0.5501919242
0.5510515806
0.5518316232
0.5485319849
0.5451533246
0.5416965606
0.5421601314
0.5425446381
0.5388553523
0.5390832077
0.5392320083
0.531325827
0.531321913
0.5312396396
0.5191430114
0.518915074
0.5186101573
0.5182281665
0.5177690191
0.5172326449
0.5166189863
0.5159279982
0.5151596484
0.5143139172
0.5094618749
0.508468074
0.5034819607
0.502341887
0.4972246922
0.4920469549
0.4906951842
0.4892686228
0.4877673636
0.4861915131
0.4806906417
0.4789755123
0.4733552625
0.471503124
0.4695782503
0.4614907932
0.459409312
0.4534775488
0.4438289362
0.4378157818
0.4355018523
0.4331198371
0.4269502284
0.4190241774
0.4127490827
0.4064348834
0.4037505826
0.4010024305
0.3981907652
0.3916901361
0.3887670988
0.382185515
0.3755724607
0.3724958873
0.369359684
0.3661642687
0.3593905604
0.3560943158
0.3527407069
0.3493301969
0.3458632607
0.3423403851
0.3387620687
0.3307406178
0.3270923509
0.3233908363
0.3196366123
0.3158302281
0.3102806635
0.3063490351
0.3023672134
0.2983357948
0.2942553864
0.2901266059
0.2859500821
0.2817264538
0.2774563707
0.2700061049
0.2656657846
0.2581883524
0.2537817937
0.2493330964
0.2448429627
0.2403121037
0.232435684
0.2278081639
0.2231425684
0.2184396471
0.2097427707
0.2020958234
0.1973139397
0.1924988131
0.1835936913
0.1787161519
0.1698195685
0.1648800863
0.1599125413
0.1549177538
0.1445561582
0.1342635054
0.1266648104
0.1190914436
0.1115448176
0.1065777279
0.09906459127
0.09158199592
0.08661032574
0.08162321157
0.0766214942
0.0716060183
0.06657763223
0.06153718785
0.05648554029
0.05142354775
0.04635207132
0.03675578154
0.02948454895
0.02222339834
0.01717647449
0.009967029166
0.003380777669
-0.001672125749
-0.01089333082
-0.01589658737
-0.02089826387
-0.02589750536
-0.03433423579
-0.03934197185
-0.04434422906
-0.05124894879
-0.056212568
-0.06116787609
-0.06611402551
-0.07105017026
-0.07597546611
-0.08440774328
-0.09113345697
-0.09993520287
-0.1047742987
-0.109597035
-0.11440259
-0.1191901459
-0.126796272
-0.1315887998
-0.136360464
-0.1443611387
-0.1491065564
-0.1538282491
-0.1614465547
-0.166138733
-0.1708044069
-0.1754427946
-0.18005312
-0.1846346127
-0.1904859141
-0.1967948122
-0.2012366086
-0.2056461332
-0.2100226563
-0.2222712645
-0.2265777203
-0.2319867369
-0.2361973579
-0.2436444362
-0.2488005987
-0.2528960851
-0.2569510736
-0.2609649084
-0.2685574111
-0.2725004806
-0.2763999757
-0.2802552743
-0.2840657635
-0.2878308397
-0.2915499086
-0.2952223852
-0.2988476945
-0.3024252708
-0.3059545583
-0.3102555512
-0.3136665447
-0.3170275448
-0.3203380395
-0.3235975269
-0.3268055156
-0.333384881
-0.3365045721
-0.3395708755
-0.3425833403
-0.345541526
-0.3484450032
-0.3512933532
-0.3546108475
-0.3573310394
-0.3599948598
-0.3626019372
-0.3651519109
-0.3701144034
-0.3725713473
-0.3753836397
-0.3814534401
-0.3837067409
-0.3859000634
-0.3880331281
-0.3901056672
-0.3921174242
-0.3940681541
-0.3959576233
-0.3977856099
-0.3995519034
-0.4012563047
-0.4028986262
-0.4044786917
-0.4059963366
-0.4074514076
-0.4088437627
-0.4101732715
-0.4114398148
-0.4156254329
-0.4167856777
-0.4178822504
-0.4189150744
-0.4198840846
-0.4207892271
-0.421630459
-0.4224077483
-0.4231210744
-0.4237704274
-0.4243558082
-0.4248772288
-0.4253347118
-0.4287319464
-0.4290814715
-0.4293667712
-0.4295879084
-0.4297449563
-0.4298379989
-0.4298671301
-0.4298324543
-0.429734086
-0.4295721498
-0.4293467801
-0.4290581215
-0.4287063283
-0.4282915645
-0.4278140037
-0.4272738291
-0.4266712335
-0.4260064187
-0.425279596
-0.4279783002
-0.4271434916
-0.4262468769
-0.4252887015
-0.425804316
-0.4247460781
-0.423626837
-0.4224468706
-0.4251444171
-0.4275358081
-0.4261928088
-0.4277928576
-0.4263487664
-0.4248442893
-0.423279757
-0.4216555079
-0.419971888
-0.4182292513
-0.4208764206
-0.4189833067
-0.4170316476
-0.4150218323
-0.4129542567
-0.410829324
-0.4086474443
-0.4064090343
-0.4041145175
-0.4017643241
-0.3993588907
-0.3968986602
-0.3943840818
-0.3950499225
-0.3924082707
-0.3897131744
-0.3869651099
-0.3841645595
-0.381312011
-0.3784079577
-0.3754528983
-0.3724473371
-0.3693917831
-0.3662867507
-0.3631327592
-0.3599303328
-0.3566800002
-0.353382295
-0.3500377552
-0.3466469234
-0.3432103461
-0.3397285745
-0.3362021636
-0.3326316724
-0.329017664
-0.325360705
-0.3216613659
-0.3179202207
-0.314137847
-0.3103148255
-0.3064517406
-0.3052163428
-0.3012964508
-0.297337891
-0.2933412575
-0.2893071472
-0.2878612249
-0.2842919004
-0.2801859148
-0.2799459165
-0.2757616566
-0.2715425101
-0.2689988745
-0.2646869417
-0.2603417277
-0.2589508541
-0.2584606764
-0.2539909584
-0.2494894487
-0.2449567827
-0.2434956609
-0.2389217171
-0.2343181021
-0.2296854565
-0.2250244226
-0.2203356443
-0.2156197668
-0.2135727416
-0.2087810203
-0.203963748
-0.1991215794
-0.1942551706
-0.1893651787
-0.184452262
-0.1834838302
-0.1785223615
-0.1735393709
-0.1685355212
-0.1635114757
-0.1584678985
-0.1534054545
-0.1483248091
-0.1432266283
-0.1420435234
-0.1369181351
-0.1330067223
-0.1278710237
-0.1232046182
-0.1180548756
-0.1128914244
-0.1116201638
-0.1064382209
-0.1012440089
-0.09603819153
-0.09224688071
-0.08704181202
-0.08182691189
-0.07660284174
-0.07531184927
-0.0700653181
-0.0648110253
-0.05954963281
-0.05428180243
-0.04900819575
-0.04372947414
-0.03844629867
-0.03315933009
-0.02958679939
-0.0243168836
-0.01904489979
-0.01377150455
-0.008497354014
-0.003223103747
0.002050591255
0.007323076618
0.008602682704
0.01386881034
0.0191323412
0.02439262397
0.02964900807
0.03490084373
0.03810874303
0.04332668127
0.044318213
0.04952537737
0.05472566451
0.05991843026
0.06281841472
0.06801911671
0.07321070034
0.07839252082
0.08356393437
0.08872429826
0.0915594065
0.09667317849
0.1017743097
0.1068621644
0.1119361082
0.113403926
0.1184342295
0.1234492281
0.1284482944
0.133430802
0.1383961261
0.1433436432
0.1456900605
0.1505782316
0.1554470992
0.1602960481
0.1651244651
0.1699317384
0.174717258
0.1794804155
0.1842206045
0.1889372202
0.1908306781
0.1954773699
0.1972579722
0.2018333446
0.2063829443
0.210906183
0.2154024743
0.2169267508
0.2213472185
0.2257394042
0.2301027323
0.2344366297
0.2387405253
0.2430138504
0.2472560389
0.2483630946
0.2525222109
0.253507145
0.255773073
0.2566604391
0.2606755093
0.2646571259
0.2686047452
0.2725178261
0.2763958306
0.280238223
0.284044471
0.287814045
0.2882047608
0.2918823895
0.2955222397
0.2923385678
0.2958683609
0.2986244403
0.2986171361
0.3019965972
0.3053368026
0.3086372645
0.3083925
0.3080766189
0.3112253855
0.3143334754
0.3174004221
0.3204257628
0.3234090386
0.322742173
0.3256262821
0.3284674768
0.3276168895
0.3303579157
0.3330552252
0.3357083901
0.3346172574
0.3371687522
0.3396753632
0.3421366814
0.3427220448
0.345068776
0.3473692836
0.3458425572
0.3442477749
0.3463871604
0.3484798645
0.3467039598
0.3448615573
0.3391127972
0.3409801484
0.3389426863
0.3368415268
0.3385528645
0.3402180033
0.3418366245
0.3395094642
0.3410269548
0.3424975549
0.3439209681
0.3452969032
0.3466250748
0.3479052032
0.3451925348
0.3463704783
0.3475001349
0.3485812489
0.3496135709
0.3505968573
0.351530871
0.3486584246
0.3495051819
0.3503025475
0.3510503075
0.3477592866
0.3484049999
0.3490010777
0.3495473334
0.3500435871
0.3504896656
0.3508854029
0.3512306399
0.3515252247
0.3517690125
0.3439622995
0.3441053724
0.3441984114
0.3442413011
0.3442339333
0.3441762073
0.3406777865
0.3405025679
0.3402772078
0.3400016381
0.3396757985
0.3363348316
0.3319135652
0.3314211156
0.3308792288
0.3302878858
0.3296470757
0.3289567959
0.3282170517
0.3274278567
0.3265892329
0.3257012104
0.3208419364
0.3198622479
0.3149259958
0.3138565802
0.312739187
0.3115738947
0.3064843519
0.3052322427
0.30393309
0.302587005
0.3011941075
0.2997545257
0.2944475631
0.2839562068
0.2824333712
0.2808663126
0.2792551929
0.2776001824
0.2759014597
0.2741592121
0.272373635
0.2705449326
0.2686733174
0.2667590103
0.2648022409
0.2591365866
0.2571094624
0.2550411578
0.252931934
0.2507820603
0.2411953477
0.2389701338
0.2367061961
0.2344038359
0.2320633626
0.2296850937
0.2272693547
0.2248164792
0.2223268086
0.2198006925
0.2172384883
0.2132688987
0.207259042
0.2046326659
0.2019723929
0.1992786119
0.1932236847
0.1904828417
0.184419595
0.1816347315
0.178819393
0.1727410767
0.163459217
0.1606151936
0.1577438731
0.1525809085
0.14840512
0.145411065
0.1423920421
0.1376569432
0.1345667922
0.1314533617
0.1253101121
0.1155547252
0.1094414523
0.1062940621
0.1031277384
0.09994299132
0.09674033585
0.09352029186
0.09028338383
0.08703014083
0.08376109636
0.08047678827
0.07717775859
0.07386455349
0.06784573372
0.0645294347
0.06120101764
0.05786103958
0.04931501771
0.04600162611
0.04267912544
0.03655059523
0.03319058463
0.02982354911
0.02293054954
0.01956747413
0.01619961688
0.01282755277
0.009451858556
0.006073112653
0.002691894985
-0.0006912131602
-0.004075629272
-0.007460769761
-0.01370510283
-0.01711060096
-0.02051466714
-0.02391671269
-0.02731614863
-0.03071238586
-0.03410483526
-0.03749290787
-0.04087601506
-0.04425356861
-0.04762498093
-0.05098966516
-0.05434703538
-0.06168159143
-0.06501934977
-0.07017964494
-0.07347249312
-0.07675428312
-0.08361803039
-0.08688987931
-0.09185649115
-0.09507638455
-0.0982816393
-0.101471698
-0.1046460061
-0.1078040121
-0.1109451676
-0.1140689275
-0.1171747502
-0.1202620976
-0.1233304354
-0.1278190135
-0.1345188225
-0.137489411
-0.1404381565
-0.1433645515
-0.1462680934
-0.1526685587
-0.1555398355
-0.158386288
-0.1612074315
-0.1640027862
-0.1667718779
-0.1695142377
-0.1722294023
-0.1749169143
-0.1775763218
-0.181277662
-0.1838574205
-0.1864076199
-0.1889278367
-0.1914176534
-0.1938766591
-0.1963044494
-0.1987006264
-0.2017632323
-0.2041126064
-0.2064290936
-0.2087123214
-0.2109619239
-0.213975326
-0.2161367376
-0.2182633755
-0.2203549062
-0.2224110033
-0.224431348
-0.2264156289
-0.228363542
-0.23251999
-0.2344169656
-0.2362763857
-0.2380979745
-0.239881464
-0.2416265941
-0.2433331124
-0.2450007746
-0.2491867939
-0.2507979943
-0.253103362
-0.2582934562
-0.2597877885
-0.2612409308
-0.2626526926
-0.2640228921
-0.2653513555
-0.2705441712
-0.2717955693
-0.2730042059
-0.2741699395
-0.2752926365
-0.2803314345
-0.2813721901
-0.2823689951
-0.2833217486
-0.2937802109
-0.2946312249
-0.2954365401
-0.2961960927
-0.2969098274
-0.2975776972
-0.2981996636
-0.2987756964
-0.3011360312
-0.3016429319
-0.3021035892
-0.3025180036
-0.3028861838
-0.3032081465
-0.3034839169
-0.3057490914
-0.3059074359
-0.3094774053
-0.3095588169
-0.3095935182
-0.3095815843
-0.3095230986
-0.309418152
-0.3092668431
-0.3090692781
-0.3108166712
-0.3105498044
-0.310236756
-0.3098776595
-0.3094726561
-0.3090218939
-0.3085255284
-0.3113130675
-0.3107072474
-0.3100558375
-0.3108957081
-0.3101759765
-0.3094110035
-0.3086009937
-0.3077461582
-0.3076183804
-0.3066928102
-0.3057229563
-0.3047090533
-0.3036513423
-0.3025500703
-0.3014054904
-0.3002178618
-0.2989874494
-0.297714524
-0.296399362
-0.2950422453
-0.2936434616
-0.2922033037
-0.2929884762
-0.2914891178
-0.2899489712
-0.2883683475
-0.286747563
-0.2850869387
-0.2833868006
-0.2816474791
-0.2798693094
-0.2780526313
-0.2761977889
-0.2743051305
-0.2723750089
-0.2704077809
-0.2684038072
-0.2663634528
-0.2642870861
-0.2621750798
-0.2600278099
-0.257845656
-0.2556290014
-0.2533782327
-0.2510937397
-0.2522294277
-0.24986145
-0.2474604238
-0.2450267543
-0.2425608497
-0.2400631212
-0.2400055405
-0.2374676182
-0.234898771
-0.2322994184
-0.2296699821
-0.2270108864
-0.2282666424
-0.2255548111
-0.222814046
-0.2200447794
-0.2172474458
-0.2144224818
-0.2115703258
-0.208691418
-0.2093527292
-0.2064060695
-0.2034334602
-0.2004353506
-0.1974121921
-0.1943644371
-0.1912925398
-0.1881969555
-0.1850781409
-0.1819365539
-0.1787726536
-0.1794873453
-0.176272337
-0.1730358271
-0.1697782801
-0.1665001611
-0.1632019361
-0.1598840721
-0.1565470365
-0.1558832869
-0.1524857108
-0.149069974
-0.149415651
-0.1459755086
-0.1425180984
-0.1390438944
-0.1355533714
-0.1320470045
-0.128525269
-0.1249886407
-0.1214375953
-0.1178726089
-0.1142941576
-0.1107027176
-0.1070987652
-0.1045066223
-0.1008991822
-0.09728049346
-0.09765086009
-0.09401049366
-0.0903597224
-0.08669901957
-0.08302885821
-0.07934971115
-0.07687236805
-0.0731977839
-0.06951544129
-0.06582580944
-0.06212935719
-0.05842655295
-0.05605716572
-0.05467506806
-0.0549905996
-0.05130792754
-0.04762011701
-0.04392762912
-0.0402309245
-0.0365304633
-0.03282670511
-0.02912010899
-0.02541113341
-0.02170023624
-0.01798787471
-0.01427450537
-0.01056058413
-0.006846566153
-0.003132905882
-0.00155200302
-0.0008875563808
-0.0007785585655
0.002963478336
0.006704155409
0.01044301615
0.01417960475
0.01791346616
0.02164414606
0.02537119093
0.02909414805
0.0328125655
0.03652599223
0.03821661249
0.041895849
0.04556903967
0.04923573945
0.05289550418
0.05654789066
0.05799623946
0.06160980118
0.0652149762
0.06881132761
0.07239841953
0.07597581704
0.07954308628
0.08078461945
0.08196988396
0.08545941734
0.08893776402
0.089422352
0.09285711017
0.09382909656
0.09596418304
0.09936286844
0.1027487784
0.1061214962
0.1069184537
0.1102416048
0.1109444431
0.1142172517
0.1174755356
0.1167439345
0.119976055
0.1231930158
0.1263944145
0.1268218877
0.1299697933
0.1303008421
0.1305730488
0.133629213
0.136668609
0.1368065809
0.1397907531
0.1398124311
0.1388614366
0.1418214906
0.1417774559
0.1446818896
0.1475683159
0.147390133
0.1502198885
0.1530309291
0.1558228818
0.1585953748
0.1613480374
0.1623211641
0.1650580002
0.1677741463
0.1704692329
0.1699065318
0.1725403688
0.1700210854
0.1726185178
0.171194452
0.173748735
0.1723125887
0.1748188686
0.177303139
0.1797650448
0.1822042325
0.18462035
0.1870130469
0.1893819744
0.188533287
0.1908737816
0.1931899453
0.1954814329
0.1977479012
0.1999890086
0.2022044158
0.2043937853
0.2065567816
0.2086930714
0.2108023236
0.2128842093
0.211289036
0.209639696
0.2116122601
0.2135571905
0.2154741732
0.2173628966
0.2192230518
0.2173176954
0.2191083981
0.2208701455
0.2187367241
0.2204314332
0.2183048837
0.219930524
0.2215268333
0.2230935311
0.2246303397
0.2184545896
0.219912896
0.2213415819
0.2227403842
0.2202329944
0.2198517887
0.217216932
0.2185074344
0.2197681319
0.2170849957
0.2182787361
0.2194424966
0.2205760419
0.2177399458
0.218806833
0.2176913809
0.2153086677
0.2162797161
0.2172205855
0.2181310656
0.2190109503
0.219860037
0.2206781271
0.221465026
0.2182340259
0.2189554909
0.2156542852
0.2124174575
0.2130516146
0.2136552145
0.2142280911
0.2107711336
0.2072820106
0.2070619631
0.2074938041
0.207895428
0.2082666972
0.2086074785
0.2089176433
0.2091970678
0.2094456327
0.2096632235
0.2098497306
0.210005049
0.2101290791
0.2066874379
0.2067338702
0.2002173768
0.2001837929
0.1961538081
0.1960643291
0.1880316655
0.1878930819
0.1877257192
0.1875295297
0.1833701499
0.1831226384
0.1828467629
0.1825424953
0.1822098129
0.181848698
0.1814591385
0.1810411274
0.180594663
0.1801197493
0.1757580112
0.1752355251
0.1746852009
0.1664468619
0.1658611951
0.1652489069
0.1611553216
0.1605071114
0.159832922
0.1591328041
0.1584068141
0.1576550136
0.1568774698
0.1560742553
0.1552454481
0.154391132
0.1535113959
0.1526063344
0.1516760477
0.1507206415
0.1461164575
0.1451257766
0.1441108634
0.1430718433
0.1384444904
0.1338243746
0.1327458312
0.1316447896
0.130521397
0.1293758056
0.1247401873
0.1235677001
0.1223740177
0.1177426428
0.1165247843
0.1152867643
0.1140287652
0.10890914
0.1042948183
0.1030071537
0.1017013462
0.1003775978
0.0990361146
0.09767710765
0.09630079234
0.0949073886
0.09349712079
0.09207021768
0.08354589438
0.0821021043
0.08064341774
0.07917007751
0.07463414942
0.07012671613
0.06865432243
0.06716918235
0.06567155042
0.06416168471
0.05972158288
0.05531429463
0.05381455095
0.05230449577
0.05078439593
0.04925452129
0.04771514466
0.04616654173
0.04460899101
0.04304277375
0.04146817386
0.03988547782
0.03829497464
0.03294082899
0.03134758294
0.02974796553
0.02814227299
0.02653080355
0.02491385735
0.02007842635
0.01847138998
0.01443336237
0.01284303787
0.008871630888
0.007300065765
0.005726323329
0.0007438105582
-0.0008497067751
-0.002444024982
-0.006143292273
-0.009966041327
-0.01155842754
-0.01314977235
-0.01873094768
-0.02032125637
-0.02190904031
-0.02349399544
-0.02572086466
-0.0273163114
-0.0289079062
-0.0304953444
-0.03207832192
-0.03734377735
-0.03892926751
-0.04050887258
-0.04208229032
-0.04726025314
-0.05055102409
-0.05202857887
-0.0534980064
-0.05495902456
-0.05641135289
-0.05951164689
-0.06092102508
-0.06232065487
-0.06371026777
-0.06508959738
-0.0664583795
-0.07114066936
-0.07250476934
-0.07385707974
-0.07519734396
-0.07652530806
-0.08103421924
-0.08231668698
-0.08358563506
-0.08484082438
-0.08993322223
-0.09115067605
-0.09235310642
-0.0935402885
