0 -1.0
1 -0.99992828829
2 -0.999714592782
3 -0.999361068448
4 -0.998869863326
5 -0.998243117382
6 -0.99748296142
7 -0.996591516025
8 -0.995570890592
9 -0.994423182381
10 -0.993150475636
11 -0.991754840738
12 -0.99023833342
13 -0.98860299402
14 -0.986850846778
15 -0.98498389918
16 -0.983004141343
17 -0.980913545437
18 -0.978714065158
19 -0.97640763522
20 -0.973996170907
21 -0.971481567641
22 -0.968865700595
23 -0.96615042434
24 -0.963337572516
25 -0.960428957544
26 -0.957426370362
27 -0.954331580189
28 -0.951244040481
29 -0.947976442899
30 -0.944732640591
31 -0.941299040298
32 -0.937781529221
33 -0.93418174485
34 -0.930640827402
35 -0.926888628774
36 -0.923058805552
37 -0.919152905867
38 -0.915172455209
39 -0.91111895645
40 -0.906993889883
41 -0.902798713273
42 -0.898534861925
43 -0.894203748767
44 -0.889806764442
45 -0.885345277417
46 -0.881060131968
47 -0.876731278942
48 -0.872102082294
49 -0.867413313871
50 -0.862666236792
51 -0.857862092908
52 -0.853002102967
53 -0.8483939192
54 -0.843435586536
55 -0.83842476598
56 -0.833362597748
57 -0.828597179394
58 -0.823445699322
59 -0.818245986114
60 -0.81299910289
61 -0.807706093498
62 -0.802767869408
63 -0.797396168943
64 -0.791981164001
65 -0.786956576012
66 -0.781468773932
67 -0.776850265544
68 -0.771303979915
69 -0.76667359115
70 -0.762049757536
71 -0.756432401571
72 -0.751801629869
73 -0.746656620166
74 -0.740963174952
75 -0.735234140103
76 -0.729470327071
77 -0.724243249883
78 -0.718423953984
79 -0.712571998907
80 -0.707901442982
81 -0.702628800331
82 -0.69734924261
83 -0.692063347331
84 -0.686116333745
85 -0.68080756715
86 -0.676854682862
87 -0.671562203919
88 -0.669085881834
89 -0.663835372669
90 -0.657851117363
91 -0.651838776364
92 -0.645798991419
93 -0.639732392138
94 -0.633639596161
95 -0.627521209319
96 -0.622184051004
97 -0.616028725278
98 -0.609849313477
99 -0.603646379204
100 -0.598278381976
101 -0.592042836106
102 -0.586669012704
103 -0.582196282485
104 -0.575933915463
105 -0.571496483386
106 -0.565217678122
107 -0.559867481232
108 -0.55452308162
109 -0.549184788274
110 -0.542863730327
111 -0.537525424139
112 -0.532194295862
113 -0.528928655306
114 -0.524681106354
115 -0.518355754592
116 -0.514149579998
117 -0.50781254227
118 -0.502552724683
119 -0.497301182893
120 -0.493181069979
121 -0.489231393184
122 -0.482888946096
123 -0.47769170036
124 -0.473680551259
125 -0.467323793822
126 -0.460949034371
127 -0.455774711021
128 -0.451841951912
129 -0.449191498902
130 -0.442828154884
131 -0.436447206544
132 -0.431335361964
133 -0.427533867401
134 -0.426397308322
135 -0.420042709067
136 -0.413670571214
137 -0.407281288312
138 -0.403612672177
139 -0.39998222426
140 -0.39499356884
141 -0.392835701369
142 -0.387895280144
143 -0.384402814717
144 -0.379496571037
145 -0.374600764791
146 -0.369715476498
147 -0.364840721005
148 -0.359976594704
149 -0.353602346361
150 -0.347211527599
151 -0.345450447298
152 -0.343756092186
153 -0.337398594701
154 -0.333565877673
155 -0.328806144293
156 -0.324057401574
157 -0.319319771382
158 -0.317885553564
159 -0.314857808692
160 -0.310194493801
161 -0.310605721937
162 -0.307298789697
163 -0.302721533278
164 -0.299884248819
165 -0.295340863209
166 -0.290807418514
167 -0.286284136416
168 -0.279985291734
169 -0.273932151921
170 -0.270767424761
171 -0.268109340205
172 -0.269173171189
173 -0.263205456021
174 -0.258801783345
175 -0.254408317343
176 -0.251922814246
177 -0.249475238629
178 -0.24706548761
179 -0.24469339191
180 -0.240405108288
181 -0.238094298533
182 -0.237802966055
183 -0.233585389881
184 -0.229377098842
185 -0.227551289753
186 -0.223385742709
187 -0.221281129853
188 -0.22334488364
189 -0.221341380785
190 -0.219374172852
191 -0.215335288805
192 -0.209182905336
193 -0.20514700041
194 -0.207569258499
195 -0.203592411282
196 -0.203979660303
197 -0.203331020592
198 -0.203845218217
199 -0.198842284532
200 -0.19275313381
201 -0.188891494462
202 -0.19182270641
203 -0.188018090964
204 -0.181931417393
205 -0.182735577726
206 -0.176650712552
207 -0.170546064537
208 -0.166767585013
209 -0.164392987959
210 -0.163527374701
211 -0.163851270142
212 -0.164975996219
213 -0.163117169907
214 -0.162797966769
215 -0.164097235647
216 -0.160545407437
217 -0.154529961576
218 -0.150978919709
219 -0.152432581698
220 -0.151436819087
221 -0.153002115597
222 -0.157169657975
223 -0.158872871757
224 -0.15806991416
225 -0.157300475597
226 -0.159159682901
227 -0.163688755044
228 -0.157813995721
229 -0.154553771598
230 -0.151299322221
231 -0.15071512779
232 -0.144808602992
233 -0.141572878878
234 -0.14560620203
235 -0.145143980094
236 -0.144715285412
237 -0.147517318162
238 -0.158259663275
239 -0.158047422294
240 -0.155078921429
241 -0.160517395311
242 -0.163226444262
243 -0.16102483671
244 -0.161000591886
245 -0.158151478854
246 -0.155305876804
247 -0.15822877295
248 -0.155417690633
249 -0.161673112328
250 -0.161842515384
251 -0.162042089409
252 -0.163613366787
253 -0.157960883629
254 -0.158237627956
255 -0.155555239783
256 -0.158882501162
257 -0.157074355773
258 -0.168034915542
259 -0.170667017859
260 -0.168134586299
261 -0.172862412858
262 -0.16729282634
263 -0.166074656948
264 -0.164929051257
265 -0.172029248049
266 -0.169615533766
267 -0.17035194626
268 -0.171569817712
269 -0.167372716159
270 -0.16500867869
271 -0.159449477981
272 -0.153868979546
273 -0.156357596329
274 -0.163723228506
275 -0.16466986573
276 -0.164674888951
277 -0.15913232327
278 -0.156857084884
279 -0.16118709295
280 -0.158947275315
281 -0.157313714834
282 -0.1651081258
283 -0.159583749375
284 -0.164125424831
285 -0.16261071177
286 -0.15709053842
287 -0.158348490091
288 -0.164039150528
289 -0.161963062146
290 -0.156458967375
291 -0.150937788319
292 -0.15432895959
293 -0.152281816609
294 -0.153723074415
295 -0.151702549601
296 -0.146185728267
297 -0.140654371699
298 -0.142185021399
299 -0.143740522362
300 -0.14417525838
301 -0.144259976698
302 -0.139355835082
303 -0.137467231251
304 -0.131994548723
305 -0.126510157818
306 -0.132879084023
307 -0.127417844149
308 -0.12558230339
309 -0.125407151661
310 -0.121850857283
311 -0.125743828522
312 -0.123994324848
313 -0.129631148495
314 -0.132193337156
315 -0.136853819766
316 -0.134336373031
317 -0.136435671481
318 -0.134827974095
319 -0.129485013581
320 -0.127889161373
321 -0.125260675148
322 -0.125936409694
323 -0.125963884655
324 -0.120672980918
325 -0.117393673297
326 -0.117811384135
327 -0.116358414154
328 -0.121284942042
329 -0.120167465955
330 -0.114971099699
331 -0.118446312512
332 -0.126606098706
333 -0.126722847876
334 -0.122812804182
335 -0.132262302792
336 -0.133609209766
337 -0.14012649112
338 -0.143052854483
339 -0.14200400291
340 -0.140963781034
341 -0.139151842209
342 -0.134221666454
343 -0.133218327298
344 -0.134229804582
345 -0.139456813499
346 -0.134591619612
347 -0.135481528477
348 -0.136200128693
349 -0.131394078406
350 -0.128705936149
351 -0.123915889267
352 -0.122331539828
353 -0.124110739529
354 -0.134032877305
355 -0.129344919411
356 -0.134405303762
357 -0.144026513006
358 -0.143415383668
359 -0.154223281636
360 -0.162713615358
361 -0.165174922695
362 -0.162135581867
363 -0.159808805722
364 -0.159367256436
365 -0.160084461934
366 -0.156441537223
367 -0.154186638282
368 -0.163022021776
369 -0.164900679517
370 -0.168595693641
371 -0.172719576255
372 -0.180447299616
373 -0.180179370155
374 -0.175918027452
375 -0.171659942245
376 -0.173655830237
377 -0.173401126267
378 -0.181335482215
379 -0.182234060595
380 -0.183587391242
381 -0.181986361028
382 -0.178820625662
383 -0.180907681004
384 -0.184921368241
385 -0.190330923152
386 -0.193946020199
387 -0.198369967974
388 -0.204725538717
389 -0.212568427057
390 -0.208633096637
391 -0.208120344771
392 -0.208099988352
393 -0.208028174955
394 -0.209827065856
395 -0.216776124386
396 -0.218801899078
397 -0.216228606778
398 -0.217976922285
399 -0.217977593812
400 -0.22177197111
401 -0.221752457082
402 -0.217954701131
403 -0.220021906381
404 -0.22412648275
405 -0.227110276508
406 -0.233992372273
407 -0.236836836745
408 -0.237070620409
409 -0.237079278051
410 -0.233385869822
411 -0.22969520669
412 -0.229647381731
413 -0.228613624599
414 -0.227178924781
415 -0.231241498178
416 -0.238240281141
417 -0.236226967407
418 -0.239624453419
419 -0.251920404619
420 -0.248189189224
421 -0.244457968198
422 -0.242778852855
423 -0.239062862912
424 -0.235348134642
425 -0.236960466155
426 -0.23324026834
427 -0.238275983111
428 -0.250564146595
429 -0.251347910465
430 -0.257122097237
431 -0.258450731564
432 -0.257973365184
433 -0.257441664155
434 -0.255616381929
435 -0.251877577778
436 -0.252143094616
437 -0.254362899386
438 -0.256134494158
439 -0.25583158199
440 -0.2599052982
441 -0.262220498803
442 -0.278813873042
443 -0.277646349959
444 -0.276516410157
445 -0.27283947908
446 -0.276311661503
447 -0.275441569288
448 -0.281735662962
449 -0.278069254653
450 -0.28128713223
451 -0.279483657923
452 -0.276377070139
453 -0.280349906739
454 -0.282222902887
455 -0.281115124764
456 -0.280777064358
457 -0.284180989175
458 -0.287489777546
459 -0.286153457664
460 -0.282359142651
461 -0.284820866753
462 -0.281075678702
463 -0.277263086678
464 -0.275979785084
465 -0.275345068161
466 -0.275979237969
467 -0.280145942974
468 -0.277217803345
469 -0.273330264462
470 -0.277236277435
471 -0.274741441295
472 -0.282964037213
473 -0.284732129555
474 -0.286198467174
475 -0.295505790965
476 -0.301433978484
477 -0.303848546793
478 -0.30307690822
479 -0.303011748327
480 -0.307487539186
481 -0.306440086061
482 -0.311385843019
483 -0.314567680171
484 -0.311533853665
485 -0.310243025352
486 -0.306316824627
487 -0.305022322458
488 -0.30105512293
489 -0.299717388411
490 -0.299298028323
491 -0.297735244162
492 -0.296843999592
493 -0.298508759177
494 -0.294419000533
495 -0.295942031742
496 -0.292882802422
497 -0.288749206849
498 -0.284587787254
499 -0.280398868501
500 -0.286866374249
501 -0.285012864293
502 -0.284965119973
503 -0.2885103552
504 -0.293308474593
505 -0.292578302285
506 -0.292173495158
507 -0.289782025153
508 -0.287325930218
509 -0.283031680865
510 -0.278708450887
511 -0.277477964547
512 -0.286104270397
513 -0.287016936175
514 -0.286297692105
515 -0.285719316519
516 -0.28758012983
517 -0.28647552665
518 -0.283671009955
519 -0.284029141345
520 -0.279651160088
521 -0.276166866927
522 -0.280684965227
523 -0.281766983822
524 -0.279212323666
525 -0.278651614737
526 -0.281094939473
527 -0.282389267328
528 -0.277941640578
529 -0.273464206472
530 -0.274478367598
531 -0.272616289915
532 -0.274998315797
533 -0.272957164808
534 -0.268755471184
535 -0.267598766916
536 -0.26513167421
537 -0.265788117797
538 -0.270417607167
539 -0.265821419112
540 -0.26119817562
541 -0.256833346866
542 -0.261065600295
543 -0.26154263424
544 -0.263317150213
545 -0.272709977816
546 -0.274533752984
547 -0.275680621301
548 -0.272326290541
549 -0.272194039755
550 -0.271716037123
551 -0.274267101268
552 -0.275445674565
553 -0.27587265635
554 -0.275124709784
555 -0.273412847799
556 -0.27176206738
557 -0.274588417531
558 -0.277898015453
559 -0.274440176708
560 -0.270858435098
561 -0.266217235846
562 -0.262346548974
563 -0.261665266809
564 -0.26081624834
565 -0.263760652672
566 -0.264246089051
567 -0.265770416272
568 -0.270953544961
569 -0.272218659032
570 -0.268625592487
571 -0.263848153598
572 -0.266279773652
573 -0.264687665355
574 -0.270280467438
575 -0.27679960906
576 -0.272007293818
577 -0.270373748747
578 -0.274356118731
579 -0.269565595284
580 -0.26720150934
581 -0.262381870028
582 -0.263922384363
583 -0.263001253634
584 -0.262540164285
585 -0.261380195963
586 -0.264975366741
587 -0.269535793746
588 -0.264693261938
589 -0.263184266304
590 -0.261002483012
591 -0.256139683766
592 -0.257972395933
593 -0.255387746507
594 -0.250512852879
595 -0.251949608332
596 -0.254690237929
597 -0.256152717474
598 -0.254258601185
599 -0.252615808141
600 -0.247739366869
601 -0.245656347082
602 -0.244421166381
603 -0.239506032502
604 -0.237935199489
605 -0.238050128647
606 -0.237094340027
607 -0.23212409132
608 -0.234440809222
609 -0.229484231776
610 -0.230257001514
611 -0.235125148404
612 -0.233511055452
613 -0.231618206154
614 -0.237158654452
615 -0.237630345233
616 -0.235735204624
617 -0.242896133474
618 -0.239011782373
619 -0.234094453271
620 -0.234639133225
621 -0.232997074786
622 -0.235717403537
623 -0.236464693214
624 -0.237120530013
625 -0.235147804297
626 -0.232622589971
627 -0.232405949692
628 -0.240134191036
629 -0.235545537652
630 -0.24252371762
631 -0.241256400873
632 -0.245612316736
633 -0.240797592193
634 -0.236330307171
635 -0.23382302668
636 -0.229376109414
637 -0.229205987433
638 -0.234558456809
639 -0.232734853079
640 -0.235850998846
641 -0.233934441847
642 -0.233041326315
643 -0.239713516568
644 -0.243232933596
645 -0.238500571038
646 -0.241434078104
647 -0.237941279395
648 -0.23468407332
649 -0.231515159147
650 -0.229460432995
651 -0.232290367516
652 -0.229134831916
653 -0.230447617455
654 -0.228766275715
655 -0.229937484379
656 -0.229925588535
657 -0.228704377268
658 -0.224066974464
659 -0.221613183393
660 -0.220714042079
661 -0.220543390896
662 -0.221837082651
663 -0.223585313576
664 -0.222359015653
665 -0.221139344928
666 -0.221392025355
667 -0.216820979465
668 -0.216620463462
669 -0.215972165083
670 -0.219073292026
671 -0.218300905051
672 -0.21940668335
673 -0.223351624494
674 -0.224080119708
675 -0.225052800156
676 -0.23295223625
677 -0.228420309135
678 -0.225020536348
679 -0.226695305627
680 -0.222663515334
681 -0.229280796123
682 -0.226514617336
683 -0.229212912706
684 -0.233680591679
685 -0.235427574674
686 -0.235902324074
687 -0.237053958846
688 -0.237035294851
689 -0.232597652976
690 -0.23309568204
691 -0.229887125388
692 -0.229243784961
693 -0.23116858278
694 -0.236520078828
695 -0.232074761209
696 -0.233791807663
697 -0.229357329662
698 -0.231787941254
699 -0.227365941624
700 -0.233238835616
701 -0.233435104047
702 -0.229023945439
703 -0.224598464308
704 -0.224092787988
705 -0.229701011575
706 -0.231621464091
707 -0.231724162667
708 -0.233976353281
709 -0.2420065792
710 -0.243957053039
711 -0.245960038678
712 -0.24550605971
713 -0.24516854742
714 -0.242900821972
715 -0.244584985584
716 -0.245062195212
717 -0.247809357698
718 -0.250620452267
719 -0.250214755353
720 -0.251654730134
721 -0.259983756797
722 -0.258478959859
723 -0.257077314563
724 -0.258308751532
725 -0.256369966
726 -0.255783193006
727 -0.263333314906
728 -0.272049327304
729 -0.276746996644
730 -0.280064008385
731 -0.279746236746
732 -0.279591993526
733 -0.27529978161
734 -0.274043959788
735 -0.272684504268
736 -0.26835985716
737 -0.269766895522
738 -0.266198350217
739 -0.265727861789
740 -0.262377493758
741 -0.273815039645
742 -0.269520157349
743 -0.269373604158
744 -0.265550821447
745 -0.263885678407
746 -0.26001546321
747 -0.259818287124
748 -0.265781496219
749 -0.265435493603
750 -0.275378929032
751 -0.275711703911
752 -0.271405995174
753 -0.276599511202
754 -0.279846623008
755 -0.28776327166
756 -0.286807906591
757 -0.290330992673
758 -0.290040424988
759 -0.291326573469
760 -0.294426702652
761 -0.294747847099
762 -0.290387320378
763 -0.289948462575
764 -0.293640138212
765 -0.289258287969
766 -0.288511337524
767 -0.28915008148
768 -0.293260514646
769 -0.291053855891
770 -0.286701340569
771 -0.287897674594
772 -0.286850910796
773 -0.285451736549
774 -0.288886408356
775 -0.290697141947
776 -0.289004240305
777 -0.288473429562
778 -0.291883068398
779 -0.288828565925
780 -0.284463568691
781 -0.282728862922
782 -0.29277683275
783 -0.308979097671
784 -0.311446475866
785 -0.309977766765
786 -0.314424435517
787 -0.314871761476
788 -0.319643939543
789 -0.322672984151
790 -0.325852899931
791 -0.325584233639
792 -0.32790134805
793 -0.324950538955
794 -0.326206183457
795 -0.329742873825
796 -0.331558068531
797 -0.329800260095
798 -0.338757068146
799 -0.34334766821
800 -0.343392443927
801 -0.340576251299
802 -0.343529181887
803 -0.341814203027
804 -0.340292920005
805 -0.335958174186
806 -0.338595392217
807 -0.334178558575
808 -0.333888370506
809 -0.333098996465
810 -0.342528465355
811 -0.343064343791
812 -0.340228293013
813 -0.344689225038
814 -0.343438017354
815 -0.338976836604
816 -0.337846680326
817 -0.333510177469
818 -0.332282919785
819 -0.332192064159
820 -0.331152088554
821 -0.331944681881
822 -0.3294933718
823 -0.331661975308
824 -0.334714599783
825 -0.336135812203
826 -0.334550846079
827 -0.32999533035
828 -0.332401017645
829 -0.330056578067
830 -0.325446418936
831 -0.320815194957
832 -0.325803658943
833 -0.321179211206
834 -0.317265491689
835 -0.313942788424
836 -0.312640215742
837 -0.3126792781
838 -0.310724996132
839 -0.308691018713
840 -0.308904585367
841 -0.308516765263
842 -0.303866975076
843 -0.300865837384
844 -0.304219984166
845 -0.299582313924
846 -0.303339819595
847 -0.302424708639
848 -0.305341587709
849 -0.312872348545
850 -0.329359857975
851 -0.327098429889
852 -0.322519762469
853 -0.32102680651
854 -0.320412203073
855 -0.315783747419
856 -0.317118426532
857 -0.315034069174
858 -0.312391769077
859 -0.308984587901
860 -0.314074823338
861 -0.31278284726
862 -0.312007674847
863 -0.31297754746
864 -0.31375666731
865 -0.309445776263
866 -0.311942420713
867 -0.312333031939
868 -0.311655198656
869 -0.308788528322
870 -0.306181678244
871 -0.303049532984
872 -0.302294849772
873 -0.307785220872
874 -0.304601216224
875 -0.311313617884
876 -0.310031351433
877 -0.308798408767
878 -0.307290487798
879 -0.303779191528
880 -0.29991961061
881 -0.303363496979
882 -0.300634635598
883 -0.29854872604
884 -0.293959551257
885 -0.291167045022
886 -0.296274622942
887 -0.295171034853
888 -0.296480650984
889 -0.291701833421
890 -0.28963103465
891 -0.294166081294
892 -0.29655498837
893 -0.300124945259
894 -0.300274778495
895 -0.300413898096
896 -0.299444001782
897 -0.300156277368
898 -0.295408054659
899 -0.290640606057
900 -0.293337623405
901 -0.288525604494
902 -0.291649607066
903 -0.287603829607
904 -0.282794567482
905 -0.283059947132
906 -0.289721945786
907 -0.287049536918
908 -0.282240896679
909 -0.28043775159
910 -0.275565067451
911 -0.273102283269
912 -0.274763304025
913 -0.269904387498
914 -0.268975158094
915 -0.267578612813
916 -0.266663807634
917 -0.26603392485
918 -0.265090413193
919 -0.268083361797
920 -0.268320260375
921 -0.265916778228
922 -0.263936691183
923 -0.258977333319
924 -0.256776156876
925 -0.255581265101
926 -0.250565520559
927 -0.254176952186
928 -0.253081775351
929 -0.25525723112
930 -0.255450347133
931 -0.253838079142
932 -0.257786100577
933 -0.267007840871
934 -0.270073763552
935 -0.272640258201
936 -0.274248889116
937 -0.273772529471
938 -0.272650105626
939 -0.267684492469
940 -0.262699184212
941 -0.263492881388
942 -0.264340480915
943 -0.26263396965
944 -0.262362238491
945 -0.267619154788
946 -0.265981469662
947 -0.265553237771
948 -0.268237081052
949 -0.2677626665
950 -0.273787984422
951 -0.275973449172
952 -0.275451792709
953 -0.277506892623
954 -0.275890033157
955 -0.273825606288
956 -0.273153778887
957 -0.270555683473
958 -0.271974558862
959 -0.280362450076
960 -0.276631132401
961 -0.27517341265
962 -0.276990550664
963 -0.275619429049
964 -0.274835839607
965 -0.271314164228
966 -0.267173614505
967 -0.262232619993
968 -0.264836140633
969 -0.261069922417
970 -0.256126662951
971 -0.260774359636
972 -0.268230343595
973 -0.284969920196
974 -0.295580419444
975 -0.293638884789
976 -0.29429286091
977 -0.292079939005
978 -0.292108232534
979 -0.293763342549
980 -0.29837688209
981 -0.293546536438
982 -0.292631042973
983 -0.293442243465
984 -0.292371571139
985 -0.287511916113
986 -0.292963619486
987 -0.300750593417
988 -0.296814215724
989 -0.294297019652
990 -0.28944055499
991 -0.288708091286
992 -0.283835904626
993 -0.278942560139
994 -0.276424227319
995 -0.27150425186
996 -0.266564818406
997 -0.264103330245
998 -0.264619927765
999 -0.270062765125
1000 -0.266518623232
1001 -0.266222748995
1002 -0.267308549167
1003 -0.264824974744
1004 -0.269106796854
1005 -0.264254152284
1006 -0.262524623989
1007 -0.26259014095
1008 -0.260007084309
1009 -0.261060451172
1010 -0.256100679685
1011 -0.255120330156
1012 -0.258442071039
1013 -0.260979645678
1014 -0.270789301504
1015 -0.265826046013
1016 -0.265927037213
1017 -0.264780309697
1018 -0.260710825379
1019 -0.25573436093
1020 -0.255633345328
1021 -0.253439378997
1022 -0.258731662166
1023 -0.257305659405
1024 -0.25770164636
1025 -0.255724161685
1026 -0.261513133678
1027 -0.263984787451
1028 -0.263767282147
1029 -0.262614628818
1030 -0.262012489735
1031 -0.257108874913
1032 -0.255269032505
1033 -0.260125313994
1034 -0.260053906054
1035 -0.255186652791
1036 -0.25697406719
1037 -0.261772926208
1038 -0.258655837177
1039 -0.266162676217
1040 -0.269248382745
1041 -0.267022461005
1042 -0.26674971218
1043 -0.273449339173
1044 -0.268665428327
1045 -0.269347410822
1046 -0.268970730833
1047 -0.268009347654
1048 -0.270954843379
1049 -0.268769480668
1050 -0.263904008697
1051 -0.261984977268
1052 -0.263897864422
1053 -0.259016351471
1054 -0.254117971977
1055 -0.249203406567
1056 -0.247845495401
1057 -0.246874462206
1058 -0.241920417669
1059 -0.241775607249
1060 -0.240545667379
1061 -0.243470705663
1062 -0.245085970365
1063 -0.242025743092
1064 -0.244150361038
1065 -0.244329548247
1066 -0.241685383204
1067 -0.24530487175
1068 -0.242858737906
1069 -0.241609898471
1070 -0.237556408628
1071 -0.234667394694
1072 -0.237230517831
1073 -0.242495768014
1074 -0.239895699252
1075 -0.234967628566
1076 -0.242258434025
1077 -0.239968685864
1078 -0.24193616073
1079 -0.249389381079
1080 -0.252145383272
1081 -0.256001965419
1082 -0.25687014784
1083 -0.252068656257
1084 -0.257093940327
1085 -0.25405399016
1086 -0.253202286034
1087 -0.251265051581
1088 -0.249533592895
1089 -0.247201050624
1090 -0.255617207463
1091 -0.26071868485
1092 -0.257207776705
1093 -0.260730407701
1094 -0.262662286073
1095 -0.259069217788
1096 -0.256355278191
1097 -0.259120999919
1098 -0.262776974818
1099 -0.273025894253
1100 -0.275117349879
1101 -0.272774323821
1102 -0.273434636738
1103 -0.280756747168
1104 -0.286585831158
1105 -0.28725115396
1106 -0.282583135536
1107 -0.280579698109
1108 -0.278346773521
1109 -0.273659840077
1110 -0.276674521591
1111 -0.279697592444
1112 -0.281173167826
1113 -0.286312828612
1114 -0.289064415066
1115 -0.298604256189
1116 -0.293993636671
1117 -0.293361595304
1118 -0.293064224244
1119 -0.292312558056
1120 -0.294538459549
1121 -0.289868581128
1122 -0.288867904005
1123 -0.290190530978
1124 -0.291018850762
1125 -0.2883585003
1126 -0.283816726532
1127 -0.286714062998
1128 -0.283781809381
1129 -0.286718696223
1130 -0.286578404374
1131 -0.288220143457
1132 -0.29151436136
1133 -0.289329853298
1134 -0.292570641761
1135 -0.294420642954
1136 -0.295339828153
1137 -0.29774053713
1138 -0.294752076992
1139 -0.297720178189
1140 -0.292968830661
1141 -0.294152392936
1142 -0.295382266107
1143 -0.297640341934
1144 -0.295192651514
1145 -0.293086092524
1146 -0.288262384562
1147 -0.284507875773
1148 -0.287578766382
1149 -0.284731369372
1150 -0.282725592133
1151 -0.280688306999
1152 -0.275820994828
1153 -0.273249006613
1154 -0.277735727062
1155 -0.284529825199
1156 -0.289630389988
1157 -0.288688737491
1158 -0.287424914967
1159 -0.289508733033
1160 -0.289645013819
1161 -0.284738552918
1162 -0.279813860919
1163 -0.279303261244
1164 -0.282347727194
1165 -0.28727923316
1166 -0.287645449264
1167 -0.286625749791
1168 -0.283756213543
1169 -0.282625041918
1170 -0.277693346978
1171 -0.284242186582
1172 -0.282617660309
1173 -0.28331960608
1174 -0.282285366698
1175 -0.283740069156
1176 -0.286703481
1177 -0.283545745444
1178 -0.28508518629
1179 -0.283124606006
1180 -0.287609557345
1181 -0.28932288073
1182 -0.289227081218
1183 -0.287695517528
1184 -0.288557512486
1185 -0.288411827404
1186 -0.288553312596
1187 -0.283586121473
1188 -0.28361317879
1189 -0.289125149483
1190 -0.287993547424
1191 -0.284293855831
1192 -0.279324350977
1193 -0.274336768355
1194 -0.269331778278
1195 -0.264310045045
1196 -0.261276179381
1197 -0.26210211012
1198 -0.270140974198
1199 -0.266137993283
1200 -0.261148306003
1201 -0.264441838638
1202 -0.261946399471
1203 -0.258449294312
1204 -0.25771277734
1205 -0.255615578047
1206 -0.250643207675
1207 -0.245656732512
1208 -0.246380351153
1209 -0.245166532914
1210 -0.248066976232
1211 -0.243982901678
1212 -0.243841893003
1213 -0.24276961519
1214 -0.240187094796
1215 -0.239898035831
1216 -0.242484424213
1217 -0.24357923863
1218 -0.242136517716
1219 -0.249977400867
1220 -0.252566525394
1221 -0.247778542935
1222 -0.256231484523
1223 -0.256269166163
1224 -0.261464618457
1225 -0.260548131538
1226 -0.256335396925
1227 -0.259582294795
1228 -0.258176867862
1229 -0.263399458517
1230 -0.26171795088
1231 -0.266466019673
1232 -0.261766504113
1233 -0.264327254988
1234 -0.267784496808
1235 -0.269659948233
1236 -0.27577843419
1237 -0.274361682809
1238 -0.271769386714
1239 -0.268794807323
1240 -0.268657154801
1241 -0.266233473994
1242 -0.261618125233
1243 -0.25967185772
1244 -0.256318585126
1245 -0.253178078348
1246 -0.252792320703
1247 -0.249058482541
1248 -0.246441587242
1249 -0.241837742368
1250 -0.240500261577
1251 -0.238776420331
1252 -0.23531799004
1253 -0.237305443241
1254 -0.24602457635
1255 -0.24257762684
1256 -0.238026461266
1257 -0.236097681332
1258 -0.231535505174
1259 -0.23592492507
1260 -0.236076546901
1261 -0.234065271164
1262 -0.23123337709
1263 -0.228928251509
1264 -0.227466384398
1265 -0.223672701535
1266 -0.219118739441
1267 -0.225440571894
1268 -0.220893109003
1269 -0.220219963671
1270 -0.219181867435
1271 -0.22330774292
1272 -0.22355552845
1273 -0.219006945328
1274 -0.223349704962
1275 -0.232922682341
1276 -0.234006756503
1277 -0.231442164881
1278 -0.233634728861
1279 -0.232862258546
1280 -0.231362383698
1281 -0.226872523967
1282 -0.225669477355
1283 -0.226495309605
1284 -0.227853877415
1285 -0.225615565144
1286 -0.22775663222
1287 -0.22919299069
1288 -0.225735809809
1289 -0.22121016943
1290 -0.220540739475
1291 -0.223918266433
1292 -0.22377610818
1293 -0.220535565805
1294 -0.220106940548
1295 -0.224047067298
1296 -0.224913320273
1297 -0.230457145198
1298 -0.232594177611
1299 -0.23017581984
1300 -0.230821357065
1301 -0.232446490824
1302 -0.235739388366
1303 -0.23232871194
1304 -0.233113883906
1305 -0.236737272619
1306 -0.232218793304
1307 -0.235785592698
1308 -0.239929948912
1309 -0.236733101572
1310 -0.232232253927
1311 -0.228507915674
1312 -0.223988392609
1313 -0.228970196036
1314 -0.226382319778
1315 -0.22672124145
1316 -0.224897561893
1317 -0.222619604433
1318 -0.220853836604
1319 -0.218910629302
1320 -0.227555361137
1321 -0.226936037565
1322 -0.23046736324
1323 -0.230813163955
1324 -0.22902849681
1325 -0.224483264763
1326 -0.219922752833
1327 -0.219008953135
1328 -0.228238488386
1329 -0.225262764018
1330 -0.223641848356
1331 -0.222881963244
1332 -0.220126910385
1333 -0.218064547123
1334 -0.227624174089
1335 -0.233639984193
1336 -0.233523035153
1337 -0.234412737619
1338 -0.232887082139
1339 -0.231093977964
1340 -0.232986671893
1341 -0.232169766869
1342 -0.227642909126
1343 -0.226583622465
1344 -0.222798051916
1345 -0.218262557749
1346 -0.213711745521
1347 -0.217526397422
1348 -0.222009879273
1349 -0.220722658242
1350 -0.219216649571
1351 -0.221727291458
1352 -0.224637532874
1353 -0.223136697872
1354 -0.218657611878
1355 -0.217019200187
1356 -0.213893774457
1357 -0.215144700801
1358 -0.212792976323
1359 -0.214504093419
1360 -0.210417517026
1361 -0.210700008497
1362 -0.212321278899
1363 -0.218243066896
1364 -0.216800586353
1365 -0.226942234178
1366 -0.222409978915
1367 -0.220280405359
1368 -0.217016562619
1369 -0.219532615057
1370 -0.220429273946
1371 -0.22152519916
1372 -0.219829097132
1373 -0.215283251335
1374 -0.221517536539
1375 -0.225540189878
1376 -0.230933728983
1377 -0.23149146536
1378 -0.23091575837
1379 -0.236598440691
1380 -0.237190944872
1381 -0.240345262045
1382 -0.243822655527
1383 -0.244111029132
1384 -0.242680027513
1385 -0.239266128863
1386 -0.242493770034
1387 -0.239853953471
1388 -0.239373330303
1389 -0.238650985806
1390 -0.234905589079
1391 -0.239951594503
1392 -0.242870617834
1393 -0.238726376096
1394 -0.240565126991
1395 -0.244933389079
1396 -0.240468523711
1397 -0.247082036623
1398 -0.242589947915
1399 -0.248606787838
1400 -0.253084999073
1401 -0.256654931656
1402 -0.252211519948
1403 -0.254410781252
1404 -0.250976804795
1405 -0.252335393225
1406 -0.247906354337
1407 -0.250820679099
1408 -0.249868441298
1409 -0.248907832586
1410 -0.2503177123
1411 -0.245861770033
1412 -0.241389158748
1413 -0.242935251978
1414 -0.23956786312
1415 -0.235066177401
1416 -0.23565361939
1417 -0.240544750341
1418 -0.238033376356
1419 -0.233502384874
1420 -0.232140828496
1421 -0.231353499528
1422 -0.230801308423
1423 -0.226248895534
1424 -0.225870769751
1425 -0.225233172452
1426 -0.220666749617
1427 -0.218748044376
1428 -0.21843442526
1429 -0.213858412415
1430 -0.214512219592
1431 -0.212328893292
1432 -0.214911188457
1433 -0.214294344803
1434 -0.213104189046
1435 -0.211715050043
1436 -0.216159542484
1437 -0.216585597873
1438 -0.220794356579
1439 -0.224798994883
1440 -0.222366673505
1441 -0.22488643704
1442 -0.225736704616
1443 -0.227540201918
1444 -0.230058433787
1445 -0.231224286441
1446 -0.23067282035
1447 -0.237438597723
1448 -0.23696665286
1449 -0.241902148543
1450 -0.237404679495
1451 -0.23289144879
1452 -0.228837571897
1453 -0.224945138689
1454 -0.227256873974
1455 -0.223067269324
1456 -0.227182875733
1457 -0.236063222438
1458 -0.236972629733
1459 -0.233852372263
1460 -0.236458725028
1461 -0.238525282182
1462 -0.24044861802
1463 -0.244993422544
1464 -0.245202183658
1465 -0.241776176747
1466 -0.240884832629
1467 -0.244424921533
1468 -0.23997856797
1469 -0.244936520025
1470 -0.251457730737
1471 -0.248314548244
1472 -0.243889195506
1473 -0.245917909736
1474 -0.24657586675
1475 -0.246584215422
1476 -0.246573789583
1477 -0.245939684987
1478 -0.242956921371
1479 -0.238525967794
1480 -0.237812742411
1481 -0.243002738141
1482 -0.238561313655
1483 -0.241558368287
1484 -0.246355030329
1485 -0.25205643098
1486 -0.247632026076
1487 -0.244207659882
1488 -0.242894241526
1489 -0.241905472492
1490 -0.243654294855
1491 -0.24336721061
1492 -0.247251714991
1493 -0.247256008811
1494 -0.261299468794
1495 -0.2673290165
1496 -0.266816087503
1497 -0.264568618275
1498 -0.263459572062
1499 -0.265467426928
1500 -0.264711895776
1501 -0.26024735748
1502 -0.25664613931
1503 -0.261639220954
1504 -0.264581024728
1505 -0.261813307804
1506 -0.26282764592
1507 -0.262119111063
1508 -0.259200826991
1509 -0.257192312727
1510 -0.259267008754
1511 -0.25749490546
1512 -0.252990163807
1513 -0.250560619737
1514 -0.249189026567
1515 -0.251473651229
1516 -0.250795228653
1517 -0.25272191562
1518 -0.248129719741
1519 -0.248577662451
1520 -0.243960407454
1521 -0.241977988955
1522 -0.252578206247
1523 -0.25125826774
1524 -0.251350691655
1525 -0.247673524131
1526 -0.243010339834
1527 -0.241016626263
1528 -0.241623975656
1529 -0.240601766489
1530 -0.23663324179
1531 -0.231968913668
1532 -0.231644406474
1533 -0.226931629692
1534 -0.227256628681
1535 -0.232537631705
1536 -0.233103006136
1537 -0.23435428056
1538 -0.230369807087
1539 -0.230912175158
1540 -0.230009854611
1541 -0.234132786419
1542 -0.233176912385
1543 -0.231867927497
1544 -0.233090999383
1545 -0.232507657267
1546 -0.230109072813
1547 -0.234551916944
1548 -0.232319802717
1549 -0.227746382166
1550 -0.224090050586
1551 -0.221485432111
1552 -0.221640049246
1553 -0.220991538731
1554 -0.220097872688
1555 -0.219505387884
1556 -0.216054307323
1557 -0.212699047976
1558 -0.218373003342
1559 -0.219927431291
1560 -0.215401000717
1561 -0.214219177883
1562 -0.209681627897
1563 -0.211106746713
1564 -0.223429280733
1565 -0.221022094179
1566 -0.217768991051
1567 -0.223050053546
1568 -0.221875634183
1569 -0.221464493632
1570 -0.225347401572
1571 -0.220849869961
1572 -0.226558723521
1573 -0.225405588533
1574 -0.231733758749
1575 -0.232463175215
1576 -0.230608567214
1577 -0.230043854221
1578 -0.227758287865
1579 -0.225573522774
1580 -0.232906228315
1581 -0.228408805482
1582 -0.223898323046
1583 -0.227260270369
1584 -0.222734324586
1585 -0.22210195115
1586 -0.221175564337
1587 -0.219490641854
1588 -0.216987130656
1589 -0.224492609179
1590 -0.22837547142
1591 -0.230142918076
1592 -0.230624860201
1593 -0.22904054048
1594 -0.238697368598
1595 -0.238579923585
1596 -0.236479668996
1597 -0.234518338341
1598 -0.23118500171
1599 -0.231341690924
1600 -0.229465448209
1601 -0.226145890195
1602 -0.226487594137
1603 -0.233251154325
1604 -0.231180540306
1605 -0.227239777763
1606 -0.222607752648
1607 -0.229668739329
1608 -0.225058964355
1609 -0.222991113367
1610 -0.225967951826
1611 -0.224901424492
1612 -0.232218856452
1613 -0.227631806311
1614 -0.236177779656
1615 -0.231551514841
1616 -0.22948106834
1617 -0.232263613896
1618 -0.23392692277
1619 -0.235170945419
1620 -0.232534844969
1621 -0.232322302854
1622 -0.231332349158
1623 -0.232332675195
1624 -0.227694677904
1625 -0.231385559455
1626 -0.238427428553
1627 -0.239063155633
1628 -0.240300688296
1629 -0.239661302815
1630 -0.241323093256
1631 -0.237331668183
1632 -0.239386710095
1633 -0.234801506127
1634 -0.240068226813
1635 -0.242186537645
1636 -0.241296855972
1637 -0.240921017995
1638 -0.239036818415
1639 -0.243125238691
1640 -0.241290874266
1641 -0.250630217424
1642 -0.250395888042
1643 -0.253623200733
1644 -0.250344859186
1645 -0.251202994007
1646 -0.250235131445
1647 -0.245722303572
1648 -0.253001371349
1649 -0.250848754772
1650 -0.24628796932
1651 -0.245710565958
1652 -0.255826141316
1653 -0.257026125235
1654 -0.261649965333
1655 -0.264215368306
1656 -0.263593054397
1657 -0.264013555537
1658 -0.262078636382
1659 -0.266212414325
1660 -0.272459219332
1661 -0.28314201919
1662 -0.281821940086
1663 -0.279927235323
1664 -0.282758436831
1665 -0.284346798408
1666 -0.282073398678
1667 -0.292348487309
1668 -0.29370172994
1669 -0.294673575637
1670 -0.290118196864
1671 -0.292322974603
1672 -0.290966256742
1673 -0.295142685836
1674 -0.294554939128
1675 -0.296031566498
1676 -0.295206299113
1677 -0.292830933476
1678 -0.295460137286
1679 -0.291137101427
1680 -0.296845393425
1681 -0.292279590203
1682 -0.289618738302
1683 -0.285508427356
1684 -0.283359969177
1685 -0.282647184151
1686 -0.278445359898
1687 -0.273849605874
1688 -0.270788280574
1689 -0.269867846338
1690 -0.265248556891
1691 -0.266516894062
1692 -0.264384104296
1693 -0.264296913947
1694 -0.259680531522
1695 -0.259187893751
1696 -0.262984225547
1697 -0.267266155114
1698 -0.265598022209
1699 -0.270972043421
1700 -0.276631570189
1701 -0.274055218286
1702 -0.272932154856
1703 -0.271910704033
1704 -0.270732361528
1705 -0.269719502173
1706 -0.267552202694
1707 -0.265479564819
1708 -0.261728405348
1709 -0.264998858075
1710 -0.26564012736
1711 -0.269251357882
1712 -0.266825294826
1713 -0.268023120577
1714 -0.267129345381
1715 -0.264459196968
1716 -0.263523685623
1717 -0.268831307534
1718 -0.266296263648
1719 -0.264706508142
1720 -0.262714443678
1721 -0.261462006976
1722 -0.260202911591
1723 -0.259525961424
1724 -0.265271413847
1725 -0.262888684898
1726 -0.269248495632
1727 -0.269144041504
1728 -0.270164479795
1729 -0.268888025964
1730 -0.264337389286
1731 -0.2597723825
1732 -0.262585866562
1733 -0.26571988
1734 -0.267847170364
1735 -0.263302328702
1736 -0.267032611253
1737 -0.263508356685
1738 -0.264975567895
1739 -0.272816106765
1740 -0.26825979592
1741 -0.26619322047
1742 -0.269824084268
1743 -0.265269331331
1744 -0.265586787516
1745 -0.271139332906
1746 -0.269387248066
1747 -0.264873290219
1748 -0.266716983774
1749 -0.262330821235
1750 -0.259386800168
1751 -0.25486225065
1752 -0.250324510951
1753 -0.245774205626
1754 -0.241982091738
1755 -0.238658858063
1756 -0.234100192842
1757 -0.233190496749
1758 -0.230379156449
1759 -0.226674037138
1760 -0.227916441706
1761 -0.228226910019
1762 -0.225320696391
1763 -0.223774329699
1764 -0.219937146897
1765 -0.218441112168
1766 -0.217848192356
1767 -0.216919595847
1768 -0.218131625287
1769 -0.215231131242
1770 -0.218801394208
1771 -0.21976030914
1772 -0.220525928666
1773 -0.228775990965
1774 -0.234696796117
1775 -0.232896714435
1776 -0.232736477887
1777 -0.230266163778
1778 -0.225759179399
1779 -0.223544046849
1780 -0.221774890405
1781 -0.218164665979
1782 -0.217037331235
1783 -0.215807614881
1784 -0.211319296424
1785 -0.215494728236
1786 -0.21987369042
1787 -0.220234321538
1788 -0.215799751195
1789 -0.218627577112
1790 -0.217962682202
1791 -0.231941786643
1792 -0.227514192176
1793 -0.231070570313
1794 -0.236858887563
1795 -0.232420982858
1796 -0.22925422125
1797 -0.227728880107
1798 -0.228949711701
1799 -0.241470030096
1800 -0.23799887795
1801 -0.236526900574
1802 -0.233577398039
1803 -0.236659119641
1804 -0.232295204502
1805 -0.23072240988
1806 -0.226344939106
1807 -0.223823313031
1808 -0.2219931283
1809 -0.223024830095
1810 -0.222852784194
1811 -0.218493486563
1812 -0.222477213919
1813 -0.219701007004
1814 -0.225322480964
1815 -0.224870385597
1816 -0.235287036926
1817 -0.241684143987
1818 -0.237348836542
1819 -0.233681781173
1820 -0.230462417817
1821 -0.232779168126
1822 -0.234330689569
1823 -0.229990977798
1824 -0.231469068485
1825 -0.235265914985
1826 -0.232271325199
1827 -0.232917700353
1828 -0.229893999866
1829 -0.227479841737
1830 -0.22790894072
1831 -0.229412670278
1832 -0.22741767277
1833 -0.231615481992
1834 -0.234963197047
1835 -0.242375860713
1836 -0.242499577827
1837 -0.240758440272
1838 -0.238384580351
1839 -0.234052887778
1840 -0.235277625929
1841 -0.23587595886
1842 -0.237486277463
1843 -0.235030732099
1844 -0.234129368025
1845 -0.243262947626
1846 -0.242721036533
1847 -0.238436376631
1848 -0.237035836529
1849 -0.238347037576
1850 -0.236391275394
1851 -0.234569413347
1852 -0.230284390306
1853 -0.227617646028
1854 -0.227259198189
1855 -0.224536654559
1856 -0.225820087191
1857 -0.225275626759
1858 -0.220968342784
1859 -0.216643835476
1860 -0.215708904234
1861 -0.225129098392
1862 -0.231162637621
1863 -0.228827724091
1864 -0.228868499836
1865 -0.229700789241
1866 -0.232669482973
1867 -0.23386833565
1868 -0.234100670356
1869 -0.242038379486
1870 -0.246433775053
1871 -0.248545663618
1872 -0.256271064706
1873 -0.256065852667
1874 -0.258721631641
1875 -0.259546503927
1876 -0.257661531486
1877 -0.258828739477
1878 -0.254571676697
1879 -0.251243379993
1880 -0.250813863662
1881 -0.252934359041
1882 -0.254484016077
1883 -0.251121583991
1884 -0.248391915217
1885 -0.250323285052
1886 -0.247525549874
1887 -0.252309895795
1888 -0.247913155446
1889 -0.255525816944
1890 -0.257092235029
1891 -0.258146585312
1892 -0.256770777808
1893 -0.252612413834
1894 -0.248139411322
1895 -0.249768969111
1896 -0.249125127579
1897 -0.248209201598
1898 -0.243678855374
1899 -0.24254926252
1900 -0.246771594362
1901 -0.246357608684
1902 -0.243467013866
1903 -0.248884636484
1904 -0.244324421679
1905 -0.244803901925
1906 -0.240234070322
1907 -0.237190647695
1908 -0.232609498569
1909 -0.22941780615
1910 -0.23251592855
1911 -0.229334978252
1912 -0.224729438813
1913 -0.232233737828
1914 -0.229563604713
1915 -0.236691743569
1916 -0.239105216571
1917 -0.249958648691
1918 -0.253000639024
1919 -0.252874633338
1920 -0.250691148529
1921 -0.247994224545
1922 -0.245398823914
1923 -0.240837034481
1924 -0.24421714068
1925 -0.243625034816
1926 -0.245957226235
1927 -0.24497786632
1928 -0.240340382959
1929 -0.235686830251
1930 -0.234857246796
1931 -0.230181239341
1932 -0.233323005104
1933 -0.234779846836
1934 -0.231276869184
1935 -0.226636069258
1936 -0.229525995911
1937 -0.229351441404
1938 -0.224713368107
1939 -0.222469884514
1940 -0.221672489569
1941 -0.217016689465
1942 -0.220196200887
1943 -0.221884718406
1944 -0.225926183765
1945 -0.22866459457
1946 -0.231676023405
1947 -0.236125352994
1948 -0.23872899367
1949 -0.234086361592
1950 -0.233701319044
1951 -0.237701068179
1952 -0.242865314084
1953 -0.242949675563
1954 -0.244684051404
1955 -0.247641916597
1956 -0.246779221823
1957 -0.24862713226
1958 -0.250216688708
1959 -0.24716684821
1960 -0.246015643735
1961 -0.241439688128
1962 -0.249105813233
1963 -0.251203241739
1964 -0.249593926621
1965 -0.25773039548
1966 -0.260695047428
1967 -0.259806952498
1968 -0.256220042734
1969 -0.263878963443
1970 -0.264008453956
1971 -0.26318447456
1972 -0.264433605767
1973 -0.261986034649
1974 -0.263191827838
1975 -0.25860834575
1976 -0.260813296677
1977 -0.259949201954
1978 -0.260616061469
1979 -0.261447784309
1980 -0.256906786128
1981 -0.257016864826
1982 -0.262231061524
1983 -0.25992046099
1984 -0.265132310966
1985 -0.269296517898
1986 -0.268764314789
1987 -0.269975121682
1988 -0.273221187104
1989 -0.270379124517
1990 -0.269005628426
1991 -0.268334841274
1992 -0.263805213961
1993 -0.263258010927
1994 -0.258693714074
1995 -0.255932522341
1996 -0.256691210241
1997 -0.255564494377
1998 -0.250951649583
1999 -0.249761454678
